2034222246051397653
2034222234663821425
2034222229769068949
2034222211465195733
2034222206314577991
2034222205089771980
2034222198987391019
2034222198265663572
2034222194176164231
2034222192091861033
2034123361932996775
2034222173473108409
2034078888809189701
2034222168813211971
2034222135535628665
2034222131685347674
2034222121044353036
2034222105730904140
2034222096654504408
2034222073535418445
2034062153624260898
2034222063217512645
2034222037644828924
2034222027205231014
2034222026559291863
2034222004799205381
2033876419017904229
2034221970082914319
2034221967511789858
2034221951451898147
2034221942916432022
2034221939003163015
2034221919147364597
2034072126097903678
2034086017989214210
2034221897395712373
2034221897357955226
2034113562356953464
2034221863488860659
2034221832396476630
2034221829850640846
2033902598424613293
2034221815476683099
2034221795927028021
2034221790180913539
2033938048170492277
2034222274916569296
2034222333217362007
2034222319359385689
2034222334161072405
2036593886148116504
2036593864664830038
2036593833379541423
2036593732166807797
2036593730468168075
2036593715658047913
2036593703570100338
2036593644816179510
2036593601858109860
2036593511445729785
2036593495222157542
2036593484916826245
2036593457242800550
2036593441564401666
2036593440255852786
2036593415580709158
2036593385205633057
2036593287264399640
2036593276627632195
2036593260496323031
2036593906096193908
2036593876006252742
2036593180972404879
2036593133622808943
2036593107551011269
2036593045454385377
2036593037543981080
2036592857495068932
2036592788108648926
2036592613353050133
2036592506834456753
2036592467718353378
2036592299761606853
2036592296947257696
2036592294011245040
2036592249211863330
2036592115115762043
2036592113220018297
2036592107813495018
2036592092122677363
2036592039421235204
2036591832453239111
2036591802728268165
2036592348595974416
2039130619230241066
2039130618781434016
2039130610485088302
2039130596153192523
2039130582278390252
2039130581288550656
2039096734756778018
2039062304789074348
2039032371941363890
2039130573386498463
2039130569934606509
2039130568416240022
2039130559922770364
2039130524732600469
2039130524384444587
2039130515748348053
2039111743352209569
2039130492616806788
2039130483418648827
2039130481279541532
2039130466708488569
2039130456629600748
2039035230019875017
2039106685894103277
2039130434542457306
2039130427059798347
2039130424996159977
2039093897914101970
2039130407312965699
2039130402896372048
2039130392263827899
2039115525305831477
2039130387641667779
2039130379630641159
2039130373708218642
2039130371598528973
2039016294230458850
2039107416923553969
2039130618542366818
2039130616252309989
2039130616222904598
2039130615090385175
2039130614192885869
2039130613962211616
2039130613085548572
2039130612234088686
2039130611760222445
2039130609763680282
2039130609742762025
2039130486644084804
2039130609142935572
2039130607440044238
2039130605422534793
2039130604764024917
2039130603879080387
2039130603535147107
2039130601400291793
2039130598845870208
2038659027576512611
2039130597377950025
2039130595096228205
2039130594106376672
2039130593636528196
2039130592680309034
2039130589790413294
2039130588599161289
2039130586992783774
2039130586640441747
2039130585294110922
2039130584379724128
2039130582232297548
2039130580718150131
2039130580386726244
2039130580240019775
2039130577899606206
2039130577371107551
2039130577215840404
2039130577094213899
2039130576087621942
2039130575349387311
2039130616516501703
2039130608853504193
2038970702527627766
2039130602566189174
2039130581095555362
2039130577970811041
2039130575114551650
2039130569783595242
2039130542935777355
2039130536338194745
2039130523402920316
2038840792173670666
2039130513105936645
2039130510648033632
2039130507972145379
2039130492503552182
2039130482772783487
2038803308962279880
2039130458500345936
2039130425776357475
2039130420281745911
2039130411419242740
2038627766615023910
2039130403080966559
2039130389608833380
2039130354343190963
2039130333438763254
2039130322344776179
2039130316879634913
2039130314413314439
2039130308231024787
2038701232743686349
2038770754678829480
2041893470764237227
2041893456008679922
2041893455551721717
2041893451923407195
2041893448802808158
2041893446756045192
2041893446030352484
2041893446009466981
2041893445447422190
2041893442511409158
2041893441110442150
2041893439290146956
2041893429550932283
2041893429223792843
2041893400442483126
2041893394432053389
2041893392976609771
2041893392766980348
2041893388941721778
2041893388908106104
2041893489835737305
2041893476825006187
2041893332029170096
2041893467081584888
2041893466628571356
2041893459032682785
2041893483183526001
2041893468029571562
2041893384868991020
2041893374320418925
2041893371086508266
2041893365592035432
2041893365214539961
2041893363259994549
2041893352921071832
2041893351545270354
2041893347346825414
2041893345627193510
2041893343580356956
2041893341290201342
2041893338924695585
2041893326379442253
2041893316011155529
2041893310038511888
2041893306418815206
2041893304497807689
2041893304455872860
2041893515932700829
2041893515500679234
2041893510446534761
2041893496978632801
2041893492427723194
2041893492264186228
2041893491542782303
2041893477206643086
2041893540662313010
2041893521297162252
2041893550359458069
2041893544835584315
2041893543917088954
2041893519996882974
2042337216106529165
2042337195009126575
2042337186717049131
2042337183080562909
2042337181994201245
2042337181541212410
2042337179414757506
2042337179368583277
2042337175966978399
2042337174561980889
2042337174125785157
2042337171567268012
2042337167783968812
2042337166827692535
2042337162159431828
2042337159361724553
2042337156912316885
2042337154773262821
2042337154160803994
2042337153858842968
2042337142588731790
2042337141561164104
2042337130068787504
2042337126121865295
2042337122615492627
2042337121520832523
2042337121411781064
2042337113127977169
2042337108602339428
2042337103615234456
2042337060636234039
2042337053908648058
2042337048229544214
2042337044148416735
2042337043187966129
2042337043154452662
2042337040977555937
2042337035659174151
2042337025592803435
2042337022908469451
2042337190013809068
2042337268627882288
2046720084584849606
2042337256753537508
2042337244669743190
2042337244543865272
2042337229972844909
2042337148397891882
2042337330829094962
2042337316581109941
2042337308498632871
2042337308318249237
2042337304157602159
2042337295605375185
2042337283592855648
2042337282925953529
2042337281831280683
2042337259886665760
2042337253557457287
2042337018391187931
2042337357731406114
2042337357416833236
2042337331483447660
2042337317273075849
2042337516515107282
2042337496986464748
2042337460156334501
2042337455450255818
2042337449263698158
2042337443504885781
2042337442317939144
2042337433115603059
2042337429839815037
2042337425637232657
2042337424274055668
2042337423393169726
2042337421874880753
2042337421606481944
2042337419207311573
2042337418741772443
2042337412244709477
2042337408864096604
2042337407056396639
2044966597735887183
2042337398223147042
2047465539128144247
2047465521113694340
2047465518974611558
2047465514696396843
2047465509348675993
2047465494454600138
2047465452863918438
2047465441295991044
2047465437328220196
2047465434102804590
2047465424946684290
2047465415702368648
2047465395439673723
2047465386858123758
2047465377156722941
2047465318356865408
2047465310928666778
2047465270055170521
2047465253865205863
2047465252703318401
2047465216498172382
2047465216473006246
2047465215009165783
2047465196902351120
2047465165969297617
2047465137527754772
2047465136647012654
2047465106389315655
2047465088735453191
2047465079579308205
2047465054484758797
2047465054472114388
2047465031177052407
2047465019651072190
2047464998872486170
2047464993910559108
2047464986188939692
2047464985857573299
2047464979436036281
2047464972553207924
2047465070943215963
2043986044358459904
2043433364053496198
2043428557427228994
2043375653739692382
2043214561604493335
2043111037096886457
2042073884409704758
2041703914387481042
2041696551064465919
2041693644256620755
2041166239385497713
2040996601661931587
2040994445957415114
2040860207945859572
2040811339833036946
2040457448956293583
2040426999269806268
2039867625359151583
2046715890993906009
2044974358087544953
2044954305963122699
2044444063252746481
2042093220188786885
2041857264458301841
2039688282041127242
1976799906489917536
1976799904627626171
1976799903927222460
1976799890144723255
1976799888030810177
1976799884021055560
1976799882729161087
1976799875120742792
1976799869156372678
1976799847031468038
1976799827125322052
1976799826588451297
1976799816421458386
1976799815943282936
1976799814944989411
1976799798838936053
1976799798276796893
1976799794476822833
1976799788772606144
1976799783722635618
1976799783378731276
1976799764881850805
1976799764110086468
1976799761794842924
1976799760024789341
1976799748200992964
1976799738499678375
1976799736998113749
1976799729918083356
1976799729465123291
1976799722963976213
1976799718991970773
1976799712448815171
1976799693100536263
1976799684631912468
1976799678068146445
1976799677917151287
1976799674586873970
1976799648447971434
1976799646891802872
1976799615858221216
1978551446690746552
1978551443251446185
1978551441997410390
1978551440835526833
1978551432748863704
1978551432123944963
1978551429095698910
1978551423072645369
1978551401375547554
1978551392995271159
1978551353044549642
1978551347977826610
1978551345008292181
1978551342164558018
1978551341665431924
1978551329321635942
1978551320312500473
1978551318290604537
1978551316340158846
1978551316147318866
1978551301341372494
1978551298854125863
1978551275298947337
1978551268684472764
1978551234396053758
1978551230587670821
1978551222614265953
1978551221314105560
1978551183489761416
1978551177777156143
1978551176510455821
1978551174308532297
2051970272366845994
1978551169904480643
1978551158206533983
1978551140523344377
1978551134647193696
1978551130175975478
1978551112497062234
1978551081882796300
1978551079949234499
2031520474966925349
2031520473369006182
2031520465764671931
2031520465370440076
2031520446496026748
2031520446433112205
2031520437167890724
2031520431807594876
2031520425407074362
2031520416087552382
2031520408793436538
2031520407073808553
2051970268520681930
2031520404670439545
2031520403164745828
2031520401608597739
2031520393442246856
2031520387599630652
2031520386068676723
2031520384424595929
2031520379915608298
2031520375159349392
2031520370767835216
2031520366967828968
2031520364115767616
2031520360441459189
2031520343811105151
2031520327583351065
2031520313398174202
2031520313062608973
2031520309170278504
2031520308675420496
2031520298151887302
2031520297707266151
2031520294850945104
2031520293966041231
2031520291977888196
2031520286319714571
2031520285090824550
2031520281131417656
2031520279302635526
2031520275699819000
2051970728526831624
2051970661921222998
2051970647551619182
2051970598482403540
2051970592086069647
2051970469734084825
2051970407645761659
2051970311759765625
2051970302310043666
2051970298912657795
2051970286715572366
2051970279140651055
2051970264133521477
2051970259637227995
2051970241798853080
2051970231132635550
2051970231023579604
2051970226170872209
2051970774869639376
2051970225764233554
2051970225566888391
2051970225256448484
2051970213722103951
2051970211700424868
2051970210601570600
2051970208215007344
2051970203492184460
2051970185817370956
2051970175495201142
2051970173611999545
2051970112513569031
2051970101851693100
2051970095677612112
2051970092439609398
2051970091013566508
2051970084000739356
2051970076580921463
2051970073728852215
2051970072193671261
2051970352033505304
2051970347868495979
2051970344034938927
2051970342122303520
2051970331665924549
2051970324846027202
2051970320936886692
2051970315534643498
2052124444634628461
2052124430680129903
2052124371209089243
2052124365076980176
2052124343249830101
2057828861069373717
2052124332261019745
2052124308797862175
2052124260810842409
2052124208914723059
2052124061300400371
2052124056799920604
2052124053662470292
2052124044166623411
2052124036298092733
2052124033651556481
2052124026152079805
2052124009001619896
2052124008741478694
2052124005465808953
2052124002076786986
2052123974360781088
2052124311482191885
2052124298232443341
2052124296827355164
2052124292402327997
2053818513236562361
2052124287213932744
2052124276929552623
2052124269295841459
2052124263851626517
2052124262450827339
2052124260240429411
2052124254074733044
2052124253839818889
2052123960402149533
2052123959886270860
2052123955188691302
2052123951497728283
2052123945311117808
2052123933520883795
2052123933080514787
2052123922808602665
2052123915598594420
2052123911760830530
2052123907587473681
2052123901069496689
2052123896682270940
2052123895688294661
2052123893003944162
2052123892773220450
2052123883998794002
2052123878407745673
2052123870547579075
2052124089234436399
2052124079906320510
2052124078501236862
2052124078236901707
2052124074046837067
2052123865199808581
2052123861722743018
2052123857620799652
2052124562620399621
2052124108918276192
2053818476981092528
2053818475097829411
2053818358026420473
2053818347620372784
2053818232193036513
2053818124667895860
2053818082347389237
2053818052161019945
2053818032057725212
2053818027368448160
2053818023434133844
2053818019478966375
2053818017729957911
2053818014580015538
2053818007474852068
2053818004920549833
2053817974260105466
2053817973140316462
2053817959924060488
2053817959668154493
2053817949627056533
2053817939938205913
2053817936448561508
2053817932849741993
2053817922720583898
2053817915917390253
2053817909953057193
2053817909743337721
2053817899920277513
2053817892051857599
2053817891988852778
2053817891556868573
2053817874272194688
2053817873353556240
2053817868974702763
2053817844895207716
2053817842642878753
2053817836938686975
2053817831725170720
2053817774686744932
2053818556244979809
2053818091876860263
2053818084020875688
2053818074101436524
2053818072310468695
2053818065121402970
2053818054480380385
2053818100399604144
2053818108066795831
2053818107513233618
2057836412234281231
2057868365088084148
2057576546496344080
2057583932879577375
2057868355927769463
2057850125309947996
2057595270922108987
2057868354103193814
2056892527488176236
2057857947057664125
2057575320350343522
2057868347119665396
2057868344733155359
2057844923907428603
2057868363024470025
2057868351683092481
2057410958415307008
2057831460271239264
2057567959602635230
2057634044121162073
2057475646318616975
2057851267674739039
2057789721598640490
2057868318388658671
2057868316702646316
2057799247345373645
2057640354900295750
2057837705761845557
2057653514814243312
2057868439822246045
2057868427562197458
2057489540290339242
2057816602436149483
2057822935809716334
2057835275351396534
2057674466004533691
2057868407781970022
2057724405850010020
2057868406632730840
2057586664382386619
2057868404480979361
2057491014210703503
2057851094483525880
2057868438475849808
2057566089098228038
2057868431316132117
2057560927973585315
2057868429030256783
2057870265195868507
2057633150231011696
2057870262402473997
2057814191344398638
2057870253535691167
2057821532253004053
2057870251740553303
2057793901830774871
2057831447726059666
2057775842298650732
2057870230559343012
2057870229527527594
2057852634787127326
2057582861591408930
2057870219633131626
2057812465992233056
2057513704070021469
2057839984611151938
2057870212637094287
2057827366768906417
2057790930824945881
2057662864257585240
2057622773594300694
2057818522659495956
2057845186928033996
2057870199773085877
2057559478120460320
2057483332036723120
2057636356499943934
2057851567965974736
2057870324209692804
2057820833750425671
2057634085678235937
2057509186095710477
2057870313086505347
2057488229373227328
2057519752461844504
2057805691541160273
2057811779799941137
2057855105420988796
2057870292257542633
2057870292228165974
2057767734369272214
2057528238071501042
2057545355474976884
2057870341486108986
2057809832900469024
2057870336473862569
2057605884734300448
2057869057093734669
2057812859623461255
2057786627049640034
2057487504958169414
2057829658641440915
2057837759268561371
2057862621974462527
2057871874550382910
2057554238901760031
2057834724567953748
2057849445992001693
2057276088317825524
2057871865599730106
2057828967583814136
2057247346606404047
2057861946418802893
2057800257568739381
2057761417827168742
2057442113986425231
2057837624627274005
2057871848176550259
2057847877469126834
2057433344636330016
2057490941447918035
2057871840031191069
2057795910571114661
2057871837938204901
2057848522561532229
2057773184976339423
2057826240401195516
2056898767089959152
2057871830724022718
2057871823153385697
2057871817931387272
2057871813418319892
2057800890212401661
2057795954024063245
2057838099577597963
2057870728112795896
2057456620188098706
2057530730909970923
2057872020474302652
2057480220286828973
2057858434410639834
2057798874396233829
2057666797608804542
2057795009047322715
2057660735359013192
2057872002526872013
2057141272222003281
2057871996344496481
2057627636113834324
2057871993358205330
2057773184112267504
2057864641204670593
2057828661357609097
2057845463664001216
2057626995177951252
2057872101621530833
2057858387354751189
2057872097800540377
2057858583702786352
2057646270781460594
2057872084978557001
2057596317883392300
2057488776935473181
2057845359406108943
2057872070587854865
2057872069396963711
2057825885311434862
2057522169404403889
2057840087770050809
2057673540736790857
2057873290765484086
2057873290367058184
2057873289645531204
2057414710077600019
2057873277549199618
2057873276722872630
2057454053638996156
2057873271329009746
2057768159860392063
2057863106978631762
2057820141392363549
2057852459331056117
2057810702312554900
2057182303848173646
2057873244921778561
2057789781438865440
2057811996637045184
2057585697716904165
2057847158762623023
2057593735576158318
2057820546348253302
2057801445030641816
2057857921317236758
2057872302180610494
2057838796574495172
2057873355752010166
2057873354636325125
2057873350588772709
2057553337545892024
2057656933704683980
2057836164086673874
2057826809962479944
2057873322180829652
2057845363579502660
2057832759633006785
2057886979375681556
2056532393796772143
2057875588518408352
2057886963751882899
2057763744780882106
2057796060597125122
2057886951731069089
2057677671379714350
2057831395787989261
2057875443630383604
2057818595011285121
2057849835521216666
2057886938757992566
2057531823501066361
2057840778156675410
2057269601377886548
2057886931329937578
2057864744313180430
2057886921724977175
2057832009225970105
2057608976527720889
2057835456444694790
2057879907808485857
2057409028217524418
2057620162421870970
2057788572317430018
2057882300902232519
2057853206080999922
2057343170065686922
2057886993124876506
2057886992768156122
2057864552604168438
2057267872825495724
2057886979610542178
2057886978654232997
2057478149022052357
2057887163472113680
2057162687063236691
2057846748563849317
2057887136091688982
2057797111060615417
2057581535402901848
2057209776430284955
2057887116491731257
2057460758188036391
2057616057666302379
2057818572571734188
2057523113139577292
2057545710430458363
2057887174008230188
2057882651474706560
2057887160087261448
2057974789780779488
2057623782685126797
2057941771024212171
2057939092071997569
2057628895227105317
2057959736859889980
2057974776530976878
2057635621796004268
2057950880867999896
2057497602753724806
2057972026799792579
2057949924432478405
2057758638043811865
2057856613453586854
2057974777051062605
2057974773385199865
2057974766254821809
2057974758860333376
2057974757451075992
2057956725542510837
2057850670850482649
2057924434661400961
2057974751008567315
2057475156176490626
2057974750064845212
2057870082735563238
2057856290903277822
2057928481950892255
2057930948159656123
2057974741743386813
2057819196382179653
2058987888830812459
2057962644259106862
2057657056270618861
2057974739180699747
2057974737737752775
2058987199287243229
2058996531466764435
2059017386125115525
2059145695366377785
2059145692405469574
2059129944358125728
2059009113544118616
2058966500287943151
2059101869910217170
2058912014307668103
2059076869199155521
2059094461498413525
2058807744816128284
2057257974335177064
2059145659488329808
2059139106622386289
2058794100699050007
2058962718988632284
2059087872192287084
2059099410575802860
2059068591710830955
2058933164848857459
2059145718854463579
2058969350749516117
2059117714002547175
2058859358776164434
2059101565173014790
2059134179690877278
2059017141417042116
2058974545160114552
2059081663154471075
2058815241987748194
2059005823066443871
2057479024516145506
2059035227981287892
2058960506078040551
2059097674050084996
2059120864621191468
2059018995387252927
2058539525991768575
2058742633975918892
2058898194772140339
2059038571298959421
2059145629910049011
2059145605356593373
2058939368773980530
2059021885329883329
2059115182689825073
2059128584313151692
2058720229568528702
2057951432779714844
2059058060321001855
2058961963464417309
2059039636232536442
2058002073677906405
2059039538178101254
2058991666891981102
2059099087060775312
2058002978708058230
2059145747136712962
2059145803860422755
2059145776400314379
2059146490526695758
2058891608137818201
2058962308261368188
2059146153728364891
2058631349418729651
2059145258055708835
2059016468528803841
2058717899276038615
2059066988086124832
2058961589290590474
2059144213866954830
2058913675109343279
2059017411739705856
2059143425513893985
2054527799969407072
2059143103773040694
2059142623764316615
2059142547352522787
2059142453458866420
2059141772190548153
2058969410874839277
2059141092725985611
2058956531333239019
2058886298480398589
2058925954349576513
2059139967683551437
2067291346725900593
2067337017080340775
2067322949124637000
2067079195927187534
2067304793891103037
2067337009299931308
2067329729217122323
2067328522222232040
2067137090102395116
2067080259132956929
2067337000403751208
2067324836435693843
2066814282390511802
2067336993567076510
2066679143849160720
2067336987166507371
2067020204207423849
2067336983265919322
2067321379775529459
2067054722117173570
2067214554854007221
2067336980900274425
2067055520721051671
2067082810066702606
2067222860754489740
2067336976043253848
2067336978975105259
2067075583247286708
2066700526926872790
2067304554689966353
2067336970443935982
2067189407493324991
2067265585436561732
2067207852104560776
2067336964563448245
2067324596588802466
2067336963816874065
2067230235934814226
2067322953696518598
2067336960138420494
2067336959320605033
2067038561006731356
2067026676505059451
2067336957621924290
2067330170516537661
2067278485446381942
2067255314399789221
2067291753921581280
2067021714597302636
2067079664976159002
2067337064727675174
2067279876978028562
2067332222160367676
2066998889119375814
2067321973835755569
2067214082067804342
2067337054304768053
2067337052136374715
2067307169536442839
2067073193693647062
2067289129377816850
2067337101138432258
2067337099158720674
2066646530870714504
2067078844742267330
2067281000447537175
2067337093483794757
2067242585526051062
2067337081903366544
2067337076878545147
2067337076240974308
2067316479863779720
2068785084631536081
2068997858712539230
2068948826900054105
2068929113197334712
2068901911630065884
2068056107470184737
2068888880124674213
2068887246900531403
2068881231056458074
2068877341334343962
2068865499170013562
2068856398453014981
2068845298223366653
2068837509170188603
2068823528321716352
2068820005089624450
2068803990213521605
2068798837783744919
2068788310416490956
2068782986175094993
2068777601481502956
2068768057195966597
2068754343138857011
2068738783571308729
2068733565982937128
2068721512576655676
2068719222385967220
2068717863024652456
2068712589148766366
2068148261148360838
2068681015749447822
2068660780711456958
2068652632936198624
2068652506167562539
2066711389876461859
2068599563976405060
2067940366037258578
2068844095502508133
2068756272942391615
2068851671682142529
2068870805803479108
2068687635732705495
2068516904445104207
2068856543273963556
2068696982546162069
2068773149089395172
2068680335043473452
2069035441714610352
2069011967038153130
2068991986955071741
2069059888815178237
2068707147496472747
2069074299495784524
2069070964852138322
2067507638347165818
2069208796942028819
2068406025087267238
2068997649286803536
2069073758132817938
2069030040151404915
2069090935385063627
2069003395566829870
2069090437042684214
2068787312507695231
2069090168028397870
2068698589874868301
2069089873898746132
2069089360473891142
2069184703203090636
2069106670538498325
2068830182031388978
2069208787706139060
2069137686107984367
2069142403303505948
2068744360435306910
2069208806848946346
2068727781861548319
2069208804936323360
2069152645017723293
2069137363733717493
2068642103756759247
2068814595322462598
2068747664506679599
2069208801006215501
2069208800653934992
2069208797634011475
2069134887504720100
2069113967058772319
2069167536034160939
2069207939642949667
2069141720571277623
2069118738964636034
2069208756257259692
2069208792856658203
2069143638873977067
2069137764713398288
2069208785202167850
2069102110566646035
2069208784912679417
2069208784560374206
2069208807901700390
2069208806945436139
2069166329710391666
2069208801803210868
2069204442923045313
2069144940119044105
2069182648434532684
2069208777497124967
2069208760954810713
2069208735990366712
2069208735021420808
2069208731036836049
2069208730860679489
2069208423284031733
2069162872349790551
2069193159498776724
2069208694244384883
2069143675892908485
2069208670575943883
2069208667740610874
2069208665370804428
2069182024796016716
2069134072706982388
2069208654897647705
2069208653568131581
2069161597096862040
2069208644970045523
2069208635733901701
2069170004763812298
2069208609125175533
2069151889707700583
2069151304035795230
2069174292110082518
2069118314589360130
2069133830317858943
2069159563912196513
2069208804156194937
2069134451360055489
2069137950613418317
2069114937604034752
2069111664872460758
2069114459193225456
2069174400516018263
2069140701762162863
2069206305349263399
2069160653139361802
2069155545752146325
2069187564355854448
2069111194682613855
2069135141973221580
2069138952095691242
2069075182610780455
2069113515818820023
2069106205646008626
2069137403890094556
2069134106537951545
2069110085150740970
2069106188969467949
2069208807557763551
2068594406567866413
2069172682361295190
2069127837433344006
2069178862563672207
2069113067900690604
2068730319449084192
2069133038567460891
2069119747161993546
2069417328731648413
2069208801115246969
2069124316071948491
2069148743320981521
2069178624180371688
2069418644371599601
2069418345116434630
2069136226116845879
2069117642305159657
2069330107387261027
2069413962165145734
2069177846535438574
2069337162219237767
2069136489410146534
2069313001648230502
2069414066003542394
2069230150441373828
2069414299408200117
2069116615539503360
2069228478340174080
2069217235453858269
2069414239744241891
2069414238653980995
2069119199843344564
2069113942966767966
2069186291313385891
2069404027050234102
2069363254145810902
2069151861765214313
2069190716589244685
2069350068310729076
2069113250797457588
2069231686508830818
2069162718339158075
2069229521061167547
2069128716303630794
2069168530411360430
2069414227995951151
2069120081196617764
2069413413638271460
2069412628171051251
2069106105087643898
2069113737764626589
2069414085800697930
2069136961340653884
2069177543593214029
2069414071754010767
2069414071414227366
2069388783947005987
2069175325192511681
2069415051539227016
2069214518589157628
2069147838500520189
2069137631112315116
2069139811349459178
2069370741150064834
2069217196006420739
2069261458328760706
2069131090669814227
2069149732690116964
2069414062916608194
2069414061574668403
2069113790311047442
2069153754830540945
2068723566703505532
2069228764043620358
2069244339616674049
2069414060265820537
2069369121394057234
2068891264486158565
2069414065147965471
2069351124197404798
2069238974019715311
2069122830575579322
2069414061008203892
2069137635637936261
2069398050225696848
2069414058873225258
2069094918484627637
2069153674291527697
2069234152486883774
2069355521237291127
2069135490788332016
2069142458588401844
2069161186071814164
2069152277680591213
2069116559377780771
2069128813007565019
2069105750060728629
2069229237454659607
2069295415120580839
2069302831564370369
2069134161273618794
2069237383325774197
2069178242615902695
2069141823872721021
2069414221691908508
2069187634627231830
2069414459412545832
2069133295636680821
2069124685237760311
2069414450633859410
2069414449639772633
2069413969144488335
2069414443734151671
2069212617978023955
2069219924757602377
2069132973958463728
2069331781396971696
2069347989663924470
2069118126298427849
2069127534030008727
2069263780593164437
2069135301683953750
2069317690666152390
2069137959283007676
2069120663747547549
2069414449396797543
2069204210457997326
2069095385293836759
2069317189740433715
2069362807125000473
2069414474474254436
2069304497789088097
2069119198253514930
2069136027231375762
2069161627639775656
2069355559971627256
2069130281794027998
2069133907690455053
2069234511716503617
2069113269030117865
2069416911297765717
2069415568382255144
2069208812825788881
2069122897268846790
2069114164010762361
