2034222192091861033
2034222135535628665
2034222037644828924
2034221967511789858
2034221919147364597
2034221897357955226
2036593732166807797
2036593644816179510
2036593601858109860
2036593484916826245
2036593441564401666
2036593440255852786
2036593385205633057
2036593260496323031
2036593906096193908
2036593133622808943
2036592857495068932
2036592299761606853
2036592249211863330
2036592039421235204
2036591802728268165
2039130619230241066
2039130524384444587
2039130481279541532
2039130456629600748
2039130434542457306
2039130424996159977
2039130392263827899
2039130616252309989
2039130616222904598
2039130612234088686
2039130609763680282
2039130486644084804
2039130609142935572
2039130601400291793
2039130594106376672
2039130586640441747
2039130582232297548
2039130577899606206
2039130575114551650
2039130542935777355
2039130536338194745
2039130420281745911
2039130403080966559
2039130389608833380
2041893455551721717
2041893451923407195
2041893442511409158
2041893394432053389
2041893489835737305
2041893332029170096
2041893466628571356
2041893459032682785
2041893345627193510
2041893304497807689
2041893491542782303
2041893540662313010
2041893521297162252
2042337216106529165
2042337181541212410
2042337154160803994
2042337122615492627
2042337121411781064
2042337113127977169
2042337053908648058
2042337048229544214
2042337043154452662
2042337244669743190
2042337433115603059
2047465494454600138
2047465415702368648
2047465377156722941
2047465216473006246
2047465106389315655
2047465088735453191
2047465079579308205
2047465019651072190
2047464985857573299
2047464979436036281
1976799904627626171
1976799815943282936
1976799814944989411
1976799794476822833
1976799783722635618
1976799764110086468
1976799674586873970
1976799648447971434
1976799646891802872
1976799615858221216
1978551432748863704
1978551432123944963
1978551298854125863
1978551183489761416
1978551177777156143
1978551174308532297
2051970272366845994
1978551134647193696
2031520465764671931
2031520393442246856
2031520366967828968
2031520360441459189
2031520343811105151
2031520309170278504
2031520297707266151
2031520286319714571
2031520285090824550
2031520279302635526
2051970728526831624
2051970598482403540
2051970311759765625
2051970264133521477
2051970231023579604
2051970225764233554
2051970185817370956
2051970095677612112
2051970091013566508
2051970084000739356
2051970073728852215
2051970331665924549
2051970324846027202
2052124343249830101
2052124061300400371
2052124056799920604
2052124311482191885
2052124269295841459
2052123951497728283
2052123870547579075
2052124079906320510
2052124562620399621
2057850125309947996
2057857947057664125
2057634044121162073
2057640354900295750
2057653514814243312
2057835275351396534
2057868407781970022
2057868404480979361
2057851094483525880
2057560927973585315
2057775842298650732
2057870230559343012
2057852634787127326
2057513704070021469
2057839984611151938
2057870212637094287
2057790930824945881
2057662864257585240
2057870199773085877
2057483332036723120
2057820833750425671
2057855105420988796
2057870341486108986
2057809832900469024
2057870336473862569
2057605884734300448
2057812859623461255
2057829658641440915
2057862621974462527
2057871865599730106
2057828967583814136
2057247346606404047
2057837624627274005
2057871848176550259
2057847877469126834
2057871837938204901
2057871813418319892
2057838099577597963
2057872002526872013
2057871996344496481
2057871993358205330
2057872097800540377
2057858583702786352
2057646270781460594
2057488776935473181
2057673540736790857
2057873290765484086
2057873289645531204
2057414710077600019
2057454053638996156
2057873355752010166
2057873322180829652
2057875588518408352
2057763744780882106
2057677671379714350
2057620162421870970
2057788572317430018
2057853206080999922
2057886993124876506
2057886992768156122
2057162687063236691
2057581535402901848
2057523113139577292
2057882651474706560
2057974776530976878
2057497602753724806
2057758638043811865
2057928481950892255
2057657056270618861
2059087872192287084
2058898194772140339
2059038571298959421
2057951432779714844
2058961963464417309
2059039636232536442
2059066988086124832
2058961589290590474
2059144213866954830
2054527799969407072
2058969410874839277
2059139967683551437
2067265585436561732
2067207852104560776
2068721512576655676
2068744360435306910
2069114937604034752
2069114459193225456
2069135141973221580
2069137403890094556
2069113067900690604
2069113250797457588
2069113790311047442
2069136027231375762
2069133907690455053
